90
16
4
83
27
94
82
20
22
97
65
3
70
39
39
97
1
26
58
55
38
85
29
67
17
77
16
93
3
22
50
87
44
98
46
43
60
55
10
37
69
82
20
45
25
41
11
32
99
49
30
20
77
31
63
5
88
38
66
50
78
89
17
1
47
78
60
72
93
96
37
46
16
21
86
56
66
85
42
77
67
85
95
55
93
31
11
13
35
41
56
23
90
60
60
81
65
19
99
47
81
40
39
3
12
84
4
56
46
8
40
3
97
89
84
93
95
63
9
17
68
47
37
53
40
15
57
57
62
6
91
47
87
95
96
27
47
92
43
9
27
55
68
28
2
54
27
1
76
67
86
2
11
83
80
34
3
86
63
98
27
48
95
41
17
94
17
2
93
57
46
3
21
100
